-1.69
-1.66
-1.63
-2.02
-1.99
-2.27
-2.45
-2.80
-2.36
-0.33
-0.30
-0.27
-0.51
-0.71
-0.68
-0.08
0.23
0.50
0.54
0.79
0.86
0.89
0.34
0.06
-0.38
-0.44
-0.51
0.28
0.31
0.66
0.10
-0.12
-0.22
-0.34
-0.72
-0.68
-0.88
-1.16
-1.17
-0.52
-0.28
-0.64
-0.61
-0.89
-1.51
-1.51
-1.26
-1.27
-1.84
-1.80
-1.82
-1.67
-1.61
-1.19
-0.91
-1.89
-1.86
-1.60
-1.53
-1.54
-1.41
-1.17
-0.97
-0.94
-0.23
-0.27
-0.94
-1.11
-1.53
-1.65
-1.61
-1.48
-1.79
-1.82
-1.50
-0.93
-1.21
-1.17
-1.09
-1.28
-1.64
-1.42
-1.48
-1.78
-1.75
-2.10
-2.10
-1.61
-2.01
-1.72
-2.04
-2.01
-2.11
-2.20
-2.40
-3.07
-3.06
-2.86
-2.83
-2.15
-2.04
-0.98
-1.43
-2.36
-2.89
-2.86
-3.26
-3.69
-3.10
-3.23
-2.67
-2.58
-2.55
-3.08
-3.81
-3.15
-3.40
-3.56
-3.53
-4.04
-4.74
-4.57
-3.23
-3.23
-3.30
-3.26
-3.80
-3.67
-3.98
-3.03
-3.06
-2.83
-2.80
-2.93
-3.41
-2.82
-1.91
-1.62
-1.91
-1.88
-2.18
-3.27
-3.08
-1.79
-2.35
-3.29
-3.26
-2.94
-2.82
-3.23
-2.55
-2.58
-3.04
-3.01
-3.45
-4.13
-4.30
-3.57
-3.10
-3.24
-3.22
-3.10
-3.25
-3.49
-2.42
-2.79
-3.74
-3.71
-3.88
-3.59
-3.78
-3.34
-2.26
-2.88
-2.84
-3.76
-4.84
-5.29
-4.82
-4.84
-4.77
-4.74
-2.75
-2.72
-2.69
-2.03
-2.00
-1.96
-1.93
-2.02
-1.93
-2.24
-1.30
-1.95
-2.56
-2.53
-2.96
-3.48
-3.41
-2.11
-1.91
-2.27
-2.38
-2.36
-2.66
-2.70
-3.27
-3.12
-3.52
-3.88
-3.84
-3.39
-3.51
-3.62
-2.53
-3.28
-3.77
-3.74
-4.30
-4.73
-4.95
-5.23
-3.93
-4.02
-3.98
-3.95
-4.23
-4.56
-4.68
-3.96
-4.28
-4.40
-4.34
-4.57
-4.95
-4.68
-3.69
-4.07
-4.32
-4.29
-4.21
-4.33
-4.61
-5.20
-4.72
-5.08
-4.54
-4.51
-4.50
-4.75
-4.79
-4.33
-5.04
-5.48
-5.45
-5.75
-5.92
-6.15
-6.01
-4.14
-4.19
-4.19
-4.16
-4.18
-5.02
-5.74
-5.28
-5.69
-6.02
-40.73
-40.67
-40.62
-40.56
-40.50
-44.19
-44.13
-47.64
-2.69
-2.66
-2.63
-3.20
-3.17
-2.18
-2.23
-2.48
-2.77
-2.74
-2.04
-2.38
-2.78
-3.23
-3.68
-3.65
-2.97
-2.92
-3.11
-3.32
-3.29
-2.64
-2.88
-3.00
-3.10
-3.37
-3.33
-2.84
-3.40
-3.49
-3.78
-3.75
-2.86
-2.94
-3.09
-3.19
-3.16
-2.50
-3.09
-3.35
-3.48
-2.71
-2.68
-2.14
-2.77
-3.36
-3.81
-3.78
-3.37
-3.65
-3.76
-4.15
-4.27
-4.24
-3.21
-3.44
-3.72
-3.84
-3.81
-3.05
-3.55
-4.09
-4.68
-4.65
-4.01
-4.06
-4.17
-4.48
-4.74
-4.71
-3.88
-4.11
-4.41
-4.59
-4.56
-3.89
-4.28
-4.05
-4.25
-4.64
-4.61
-4.08
-4.40
-4.39
-4.67
-4.64
-3.90
-4.18
-4.64
-4.29
-4.26
-3.55
-3.96
-4.47
-4.14
