-21.60
-21.33
-20.32
-19.90
-19.64
-19.79
-20.52
-20.57
-20.31
-20.24
-20.19
-20.38
-20.09
-19.67
-19.79
-19.20
-18.60
-18.27
33.70
36.84
39.16
41.19
44.39
47.33
50.29
52.50
54.13
56.92
59.28
63.17
65.12
67.09
66.06
67.70
71.00
74.00
75.35
-3.09
-2.61
-2.44
-2.86
-3.31
-3.63
-3.09
-3.03
-2.76
-2.57
-2.92
-3.09
-3.90
-4.62
-5.34
-5.14
3.56
7.28
10.24
10.48
9.63
10.29
10.52
10.66
10.79
9.70
9.38
8.53
7.97
-2.69
-2.76
-2.99
-3.03
-2.71
-3.41
-3.45
-3.46
-3.56
-3.02
-2.62
-2.24
-2.05
-2.16
-2.43
-1.98
-1.75
-5.07
-5.24
-5.31
-5.34
-5.04
-5.54
-5.65
-5.14
-4.56
-4.32
-4.26
-4.01
-4.02
-4.01
-4.04
-2.76
-2.34
-3.07
-2.66
-2.21
-2.10
-1.87
-2.00
-2.07
-2.09
-1.39
-1.24
-1.05
-0.41
0.10
0.04
-10.26
-10.14
-9.77
-9.54
-9.69
-9.70
-9.50
-9.45
-9.62
-9.46
-9.28
-9.21
-8.92
-8.31
-8.69
-9.02
-9.02
-1.75
-1.39
-1.55
-1.32
-1.41
-1.61
-1.68
-1.62
-1.62
-1.64
-1.42
-1.62
-1.38
-1.53
-1.84
-2.26
-2.48
-2.33
-2.73
-3.20
-3.52
-3.72
-3.74
-3.71
-3.71
-3.71
-3.68
-3.50
-3.35
-3.20
-2.92
-2.85
-3.30
-3.61
-4.09
-4.55
-5.07
-1.66
-0.91
-0.15
-2.33
-2.46
-2.09
-2.00
-3.57
-4.47
-3.91
-2.29
-2.96
-3.61
-2.37
-1.43
-1.05
-1.05
-1.28
-1.61
-2.66
-3.36
-3.26
-2.95
-2.77
-2.68
-2.10
-1.58
-1.84
-2.86
-3.81
-3.84
-4.14
-5.30
-5.82
-5.61
-5.40
-4.72
-4.41
-4.54
-4.90
-5.31
-5.78
-4.80
-5.11
-0.79
-0.31
-0.00
-0.45
-0.23
-0.78
-0.08
0.33
-1.03
-0.69
-0.50
-0.29
-0.40
-0.55
-0.66
-0.67
-0.87
-20.46
-17.98
-19.42
-19.00
-17.12
-16.92
-15.75
-14.20
-12.40
-11.87
-11.96
-10.04
-10.41
-11.86
-7.57
-5.83
-5.69
-4.38
-4.51
-4.30
-3.87
-2.65
-1.33
0.19
1.84
3.55
5.27
7.13
9.27
11.22
12.42
3.19
2.94
3.05
4.02
4.15
4.23
4.89
5.09
5.31
5.78
7.74
8.31
8.62
9.42
10.47
-8.73
-7.95
-7.78
-7.07
-5.76
-5.66
-5.18
-4.69
-3.56
-2.23
-0.50
1.22
1.28
1.21
0.72
2.92
2.56
1.89
1.45
0.58
-0.20
-0.79
-1.23
-0.88
-0.14
-0.54
-0.58
-1.04
-0.83
-0.54
-0.48
4.59
4.25
4.40
5.68
5.78
4.80
5.36
6.34
6.95
6.95
7.63
8.16
8.29
9.93
10.17
10.59
11.14
10.89
-12.74
-13.43
-13.76
-14.99
-17.19
-17.56
-18.02
-19.02
-19.73
-19.77
-19.18
-18.82
-18.94
-19.44
-19.38
-19.23
-19.92
-1.79
-2.02
-3.24
-2.79
-2.29
-2.41
-2.05
-1.99
-1.40
-0.64
-0.62
-0.47
-1.57
-1.60
-2.24
-3.41
-3.02
-1.26
-1.20
-1.19
-1.16
-1.21
-1.10
-1.20
-0.99
-1.02
-0.99
-1.05
-1.12
-0.89
-0.85
-0.03
-1.12
-1.63
-2.45
-2.34
-3.06
-3.75
-3.87
-3.78
-3.95
-5.04
-6.12
-6.23
-6.10
-6.11
-4.80
-3.45
-2.87
-1.70
0.14
0.61
1.12
1.62
1.18
1.25
1.24
1.73
3.47
4.85
5.45
5.32
5.60
5.96
