-21.88
-21.42
-21.48
-21.19
-20.73
-20.14
-19.60
-19.51
-19.56
-19.40
-19.22
-19.50
-19.78
-20.16
-20.35
-20.22
-20.25
-20.08
-19.87
-20.02
-20.03
-19.89
-20.05
-20.01
-19.97
-19.82
-19.52
-19.36
-13.75
-13.23
-12.97
-13.55
-14.24
-14.21
-14.17
-14.08
-13.83
-13.83
-13.69
-14.28
-14.63
-15.45
-15.56
-15.86
-15.47
-14.88
-15.39
-15.94
-16.68
46.84
-3.80
-2.94
-2.69
-2.46
-2.37
-2.26
-2.42
-2.69
-2.84
-3.07
-3.53
-3.46
-3.28
-3.01
-3.07
-2.95
-2.67
-2.61
-2.48
-2.44
-2.70
-2.73
-2.94
-2.96
-3.62
-4.30
-3.68
-3.90
-3.99
-4.02
-4.10
-3.81
-3.99
-4.54
-4.64
-4.80
-4.65
-4.73
-4.68
-4.20
-4.20
-3.59
-3.47
-3.56
-3.50
-5.67
-5.13
-5.03
-5.25
-5.14
-5.07
-4.98
-5.17
-4.95
-4.94
-5.46
-5.71
-5.52
-5.37
-5.21
-4.79
-4.66
-4.39
-4.30
-4.08
-4.30
-4.03
-3.88
-3.53
-3.00
-2.81
-3.07
-3.36
-3.22
-3.07
-2.66
-2.53
-2.53
-2.45
-2.25
-2.33
-2.46
-2.56
-2.41
-2.19
-1.96
-1.77
-1.76
-1.88
-10.51
-10.50
-10.16
-9.78
-9.59
-9.69
-9.56
-9.38
-9.64
-9.53
-9.69
-9.64
-9.58
-9.34
-9.55
-9.53
-9.60
-9.49
-9.47
-9.41
-9.25
-9.43
-9.49
-9.31
-9.20
-8.59
-2.40
-1.69
-1.48
-1.37
-1.62
-1.78
-1.91
-1.41
-2.56
-1.82
-1.78
-2.42
-2.03
-1.86
-1.65
-2.16
-1.99
-1.61
-2.34
-2.09
-1.77
-2.49
-2.09
-2.10
-1.81
-2.29
-1.53
-1.38
-0.57
-1.93
-3.26
-2.72
-2.03
-2.12
-2.06
-2.46
-3.93
-4.29
-4.09
-3.88
-4.64
-3.84
-4.05
-4.27
-4.53
-3.51
-3.55
-3.64
-3.62
-3.60
-3.67
-3.68
-3.74
-3.79
-3.78
-3.74
-3.70
-3.66
-3.58
-3.61
-3.49
-3.43
-3.37
-3.27
-3.29
-3.17
-3.24
-3.74
-2.57
-1.06
-0.40
-0.23
-0.30
-0.20
-0.42
-0.62
-0.91
-1.64
-2.56
-2.88
-3.05
-2.92
-2.67
-2.53
-2.15
-1.01
-1.80
-2.05
-2.30
-2.87
-3.23
-3.32
-3.54
-3.49
-3.70
-4.52
-4.71
-4.87
-5.66
-5.31
-5.33
-4.97
-5.12
-4.66
-4.31
-4.23
-4.66
-4.45
-4.62
-4.85
-4.72
-1.17
-0.86
-0.28
-0.10
0.14
-0.07
-0.23
-0.10
0.08
-0.73
-0.36
0.11
0.45
-0.78
-1.01
-0.91
-0.50
-0.49
-0.31
-0.18
-0.31
-0.26
-21.75
-19.91
-18.68
-17.55
-18.22
-19.91
-19.61
-18.51
-17.50
-17.10
-16.76
-16.58
-16.07
-15.53
-14.55
-13.90
-12.86
-12.71
-12.06
-12.30
-12.63
-11.38
-19.55
-17.85
-17.45
-17.55
-17.95
-17.52
-17.34
-17.48
-18.29
-18.70
-18.73
-19.06
-18.89
-18.50
-18.54
-18.06
-17.90
-17.51
-17.10
-16.61
-16.17
-15.82
-15.12
-14.75
-14.16
2.76
3.06
2.97
3.01
3.60
4.05
4.39
4.01
4.25
4.94
4.95
5.12
5.30
5.62
5.81
7.02
8.22
-9.18
-8.25
-8.04
-7.50
-7.69
-7.30
-6.94
-6.53
-5.86
-5.41
-5.39
-5.19
-4.98
-4.58
-4.28
-4.03
-3.55
-2.75
-1.84
-1.38
-0.60
0.30
1.25
1.24
1.44
1.09
0.68
0.30
0.00
-0.52
-0.86
-1.36
-1.67
-2.14
-2.41
-2.83
-2.73
-3.16
-2.87
-2.84
-2.27
-2.43
-2.61
-2.45
-2.50
-2.98
-3.30
-2.62
-1.64
-1.39
-2.20
-3.09
-3.02
-2.70
-2.23
-2.04
-2.30
-2.07
-1.85
-1.89
-1.64
-1.36
-0.88
-0.47
-0.27
-0.41
-0.35
-1.25
2.92
3.89
4.20
3.76
3.21
3.83
4.50
5.02
5.40
5.23
4.86
4.18
4.32
4.68
5.11
6.05
6.06
6.32
6.47
6.43
6.78
7.02
7.19
7.47
7.22
7.77
8.50
9.30
-12.99
-13.39
-13.69
-13.93
-14.04
-14.59
-16.14
-17.33
-17.84
-18.04
-18.50
-18.83
-19.30
-19.87
-20.43
-20.42
-20.13
-19.76
-19.52
-19.40
-19.63
-19.55
-2.12
-1.23
-1.23
-1.16
-1.19
-1.19
-1.13
-1.17
-1.01
-1.16
-1.13
-1.01
-0.95
-0.96
-0.90
-0.94
-0.13
-0.45
-0.91
-1.00
-1.17
-1.62
-2.08
-2.35
-2.26
-2.62
-2.89
-3.23
-3.42
-3.81
-3.78
-3.78
-3.62
-3.81
-3.76
-4.19
-4.54
-5.02
-6.05
-6.33
-6.33
-6.20
