22.92
25.99
28.98
31.96
34.96
37.95
41.03
44.02
47.01
50.00
52.99
2.31
3.12
3.24
3.98
4.33
4.83
5.64
-0.96
-0.17
0.65
0.01
-0.13
-0.09
-0.21
0.47
0.26
-0.26
-0.91
-0.85
-1.56
-0.77
-0.73
-0.42
-0.26
-0.29
-0.51
-0.63
-0.41
-0.26
-0.63
-0.99
-1.00
-1.64
-0.23
-0.50
-0.49
-0.84
-1.16
-0.87
-0.83
-1.04
-1.44
-1.59
1.01
2.75
3.16
3.27
3.49
2.23
1.76
1.36
-1.02
-1.54
0.06
0.16
1.54
0.76
-0.02
-0.82
0.12
1.11
0.82
0.25
0.11
-0.01
0.72
0.20
0.18
0.20
0.08
-0.34
1.03
2.01
1.84
1.46
1.03
0.92
2.18
2.38
2.21
2.52
1.73
1.53
3.15
3.44
4.73
4.06
4.09
4.06
4.27
5.44
5.02
45.99
-1.08
-0.10
0.46
0.69
0.10
-0.24
-0.46
0.08
0.71
-0.97
-2.09
-2.06
-2.48
-1.45
-1.03
-1.24
-1.89
-2.09
-1.73
-1.67
-2.44
-2.07
-1.45
-0.38
1.70
0.86
-0.39
-0.91
-1.10
-0.45
-0.42
-0.61
-0.98
-1.41
-1.15
-1.44
-1.59
-1.36
-1.60
-1.08
-1.39
-1.64
