24.11
27.26
30.34
33.40
36.48
39.56
42.73
45.80
48.88
51.95
55.02
4.60
5.58
5.85
6.74
7.25
7.91
8.88
1.51
2.47
3.46
3.00
3.03
3.25
3.31
4.16
4.12
3.78
3.30
3.54
0.52
1.44
1.61
2.05
2.34
2.45
2.36
2.37
2.71
3.01
2.76
2.53
2.65
0.78
2.37
2.28
2.45
2.28
2.13
2.59
2.80
2.77
2.54
2.56
3.80
5.75
6.39
6.71
7.16
6.13
5.87
5.70
3.54
3.24
2.33
2.56
4.09
3.46
2.82
1.59
2.70
3.86
3.75
3.36
3.39
3.45
4.35
4.00
4.16
4.35
4.41
2.05
3.58
4.73
4.73
4.52
4.26
4.32
5.75
6.12
6.12
6.62
5.98
4.27
6.09
6.59
8.09
7.62
7.86
8.04
8.46
9.84
9.63
51.01
1.20
2.34
3.06
3.44
3.01
2.83
2.76
3.47
4.25
2.72
1.77
1.95
-0.01
1.19
1.78
1.75
1.28
1.26
1.79
2.02
1.43
1.97
2.77
4.01
6.27
5.61
4.53
4.19
4.18
5.00
5.20
5.19
4.99
4.74
5.18
5.06
5.09
5.49
5.42
6.12
5.98
5.92
