-19.11
-19.56
-19.15
-17.97
-17.54
-17.05
-17.41
-17.88
-18.00
-17.49
-17.59
-17.51
-17.15
-15.67
-17.19
-17.19
-17.16
-17.00
-17.57
-18.70
-19.30
-18.42
-19.30
-21.93
46.14
-3.62
-2.94
-2.48
-2.96
-3.33
-3.84
-3.48
-3.47
-2.98
-2.98
-3.31
-3.57
4.68
7.34
9.92
12.69
12.38
11.23
12.35
12.16
13.01
13.08
-3.85
-3.91
-3.98
-4.06
-3.82
-4.06
-4.44
-4.68
-4.54
-4.40
-3.68
-3.30
-2.94
-2.88
-5.85
-5.73
-5.71
-5.33
-5.27
-4.85
-5.32
-5.40
-4.92
-4.34
-4.03
-3.70
-3.71
-2.98
-2.60
-2.91
-2.97
-2.84
-2.46
-2.15
-1.95
-1.90
-2.12
-2.07
-1.65
-1.27
-1.15
-9.88
-9.71
-9.14
-9.02
-8.99
-8.95
-8.90
-8.77
-8.72
-8.57
-8.39
-8.64
-8.12
-1.45
-1.85
-1.76
-2.01
-1.83
-2.00
-1.96
-1.55
-1.73
-1.61
-2.35
-3.80
-3.09
-3.49
-3.48
-3.46
-3.50
-3.49
-3.43
-3.35
-3.12
-2.93
-2.82
-2.58
-2.48
-5.57
-6.53
-8.75
-8.55
-8.98
-9.32
-10.09
-11.37
-11.73
-10.93
-9.50
-8.90
-9.21
-1.13
-0.55
-0.02
-0.27
0.07
-0.08
0.45
1.11
-0.14
0.10
0.19
0.45
0.39
0.34
0.30
0.36
0.19
0.02
0.41
0.73
0.94
0.12
1.12
0.94
0.36
