-1.69
-1.66
-1.63
-2.02
-1.99
-2.27
-2.45
-2.80
-2.36
-0.33
-0.30
-0.27
-0.51
-0.71
-0.68
-0.08
0.23
0.50
0.54
0.79
0.86
0.89
0.34
0.06
-0.38
-0.44
-0.51
0.28
0.31
0.66
0.10
-0.12
-0.22
-0.34
-0.72
-0.68
-0.88
-1.16
-1.17
-0.52
-0.28
-0.64
-0.61
-0.89
-1.51
-1.51
-1.26
-1.27
-1.84
-1.80
-1.82
-1.67
-1.61
-1.19
-0.91
-1.89
-1.86
-1.60
-1.53
-1.54
-1.41
-1.17
-0.97
-0.94
-0.23
-0.27
-0.94
-1.11
-1.53
-1.65
-1.61
-1.48
-1.79
-1.82
-1.50
-0.93
-1.21
-1.17
-1.09
-1.28
-1.64
-1.42
-1.48
-1.78
-1.75
-2.10
-2.10
-1.61
-2.01
-1.72
-2.04
-2.01
-2.11
-2.20
-2.40
-3.07
-3.06
-2.86
-2.83
-2.15
-2.04
-0.98
-1.43
-2.36
-2.89
-2.86
-3.26
-3.69
-3.10
-3.23
-2.67
-2.58
-2.55
-3.08
-3.81
-3.15
-3.40
-3.56
-3.53
-4.04
-4.74
-4.57
-3.23
-3.23
-3.30
-3.26
-3.80
-3.67
-3.98
-3.03
-3.06
-2.83
-2.80
-2.93
-3.41
-2.82
-1.91
-1.62
-1.91
-1.88
-2.18
-3.27
-3.08
-1.79
-2.35
-3.29
-3.26
-2.94
-2.82
-3.23
-2.55
-2.58
-3.04
-3.01
-3.45
-4.13
-4.30
-3.57
-3.10
-3.24
-3.22
-3.10
-3.25
-3.49
-2.42
-2.79
-3.74
-3.71
-3.88
-3.59
-3.78
-3.34
-2.26
-2.88
-2.84
-3.76
-4.84
-5.29
-4.82
-4.84
-4.77
-4.74
-2.75
-2.72
-2.69
-2.03
-2.00
-1.96
-1.93
-2.02
-1.93
-2.24
-1.30
-1.95
-2.56
-2.53
-2.96
-3.48
-3.41
-2.11
-1.91
-2.27
-2.38
-2.36
-2.66
-2.70
-3.27
-3.12
-3.52
-3.88
-3.84
-3.39
-3.51
-3.62
-2.53
-3.28
-3.77
-3.74
-4.30
-4.73
-4.95
-5.23
-3.93
-4.02
-3.98
-3.95
-4.23
-4.56
-4.68
-3.96
-4.28
-4.40
-4.34
-4.57
-4.95
-4.68
-3.69
-4.07
-4.32
-4.29
-4.21
-4.33
-4.61
-5.20
-4.72
-5.08
-4.54
-4.51
-4.50
-4.75
-4.79
-4.33
-5.04
-5.48
-5.45
-5.75
-5.92
-6.15
-6.01
-4.14
-4.19
-4.19
-4.16
-4.18
-5.02
-5.74
-5.28
-5.69
-6.02
-28.76
-28.71
-28.65
-28.59
-28.54
-30.84
-30.79
-32.38
-32.33
-33.86
-33.80
-35.84
-35.78
-37.89
-37.84
-39.52
-39.46
-39.41
-41.08
-41.02
-42.96
-42.90
-44.04
-43.98
-45.68
-45.62
-47.22
-47.16
-49.02
-48.96
-51.13
-51.07
-52.85
-52.79
-54.32
-54.26
-56.10
-56.05
-55.99
-58.21
-58.16
-59.96
-59.90
-60.07
-60.02
-62.18
-62.13
-64.30
-64.25
-66.17
-66.12
-67.16
-67.11
-69.27
-69.22
-71.32
-71.27
-72.32
-72.27
-72.21
-74.24
-74.18
-76.35
-76.29
-77.46
-77.40
-78.48
-78.42
-80.33
-80.27
-82.45
-82.39
-84.10
-84.05
-85.65
-85.59
-87.44
-87.38
-89.56
-89.50
-91.25
-91.19
-91.13
-92.79
-92.73
-93.53
-93.47
-95.63
-95.58
-97.41
-97.36
-98.95
-98.90
-100.64
-100.59
-102.71
-102.66
-104.58
-104.53
-106.11
-106.05
-107.73
-107.67
-107.62
-109.80
-109.75
-111.74
-111.68
-112.27
-112.21
-113.76
-113.70
-115.87
-115.81
-117.87
-117.81
-119.44
-119.38
-120.84
-120.78
-122.95
-122.89
-125.04
-124.98
-124.92
-125.90
-125.84
-127.96
-127.91
-129.07
-129.01
-131.16
-131.11
-131.93
-131.87
-134.05
-133.99
-136.19
-136.14
-137.37
-137.31
-139.04
-138.99
-141.14
-141.08
-141.03
-143.24
-143.18
-144.51
-144.46
-145.12
-145.06
-147.23
-147.18
-149.14
-149.08
-150.67
-150.61
-152.17
-152.12
-154.33
-154.27
-156.31
-156.25
-157.84
-157.78
-159.38
-159.32
-159.26
-161.43
-161.37
-163.49
-163.43
-164.01
-163.95
-165.53
-165.47
-167.50
-167.44
-169.55
-169.49
-171.13
-171.08
-172.65
-172.59
-174.59
-174.54
-176.69
-176.64
-176.58
-178.30
-178.25
-179.49
-179.44
-180.63
-180.58
-182.80
-182.74
-184.47
-184.41
-185.66
-185.60
-187.78
-187.72
-189.89
-189.83
-190.80
-190.74
-192.76
-192.70
-192.64
-194.89
-194.83
-197.00
-196.94
-196.79
-196.73
-198.84
-198.78
-200.98
-200.92
-202.41
-202.35
-203.93
-203.88
-205.94
-205.89
-208.05
-208.00
-209.57
-209.52
-211.10
-211.05
-210.99
-213.03
-212.98
-215.14
-215.08
-215.71
-215.66
-217.31
-217.25
-219.14
-219.09
-221.23
-221.17
-222.81
-222.76
-224.40
-224.34
-226.18
-226.12
-228.32
-228.26
-228.21
-230.04
-229.98
-231.54
-231.49
-232.30
-232.24
-234.44
-234.38
-236.20
-236.14
-237.74
-237.68
-239.38
-239.32
-241.55
-241.50
-242.72
-40.73
-40.67
-40.62
-40.56
-40.50
-44.19
-44.13
-47.64
-2.69
-2.66
-2.63
-3.20
-3.17
-2.18
-2.23
-2.48
-2.77
-2.74
-2.04
-2.38
-2.78
-3.23
-3.68
-3.65
-2.97
-2.92
-3.11
-3.32
-3.29
-2.64
-2.88
-3.00
-3.10
-3.37
-3.33
-2.84
-3.40
-3.49
-3.78
-3.75
-2.86
-2.94
-3.09
-3.19
-3.16
-2.50
-3.09
-3.35
-3.48
-2.71
-2.68
-2.14
-2.77
-3.36
-3.81
-3.78
-3.37
-3.65
-3.76
-4.15
-4.27
-4.24
-3.21
-3.44
-3.72
-3.84
-3.81
-3.05
-3.55
-4.09
-4.68
-4.65
-4.01
-4.06
-4.17
-4.48
-4.74
-4.71
-3.88
-4.11
-4.41
-4.59
-4.56
-3.89
-4.28
-4.05
-4.25
-4.64
-4.61
-4.08
-4.40
-4.39
-4.67
-4.64
-3.90
-4.18
-4.64
-4.29
-4.26
-3.55
-3.96
-4.47
-4.14
