-8.77
-8.22
-8.55
-8.94
-9.19
-9.47
-9.94
-10.32
-10.72
-10.50
-10.07
-9.90
-10.60
-10.95
-11.89
-12.88
-13.65
-13.69
-14.28
-14.74
-15.03
-15.68
-15.96
-16.23
-16.61
-16.84
-17.00
-17.30
-17.61
-17.86
-18.00
-18.36
-18.78
-19.45
-19.91
-20.27
-20.74
-21.17
-21.30
-21.36
-22.08
-22.12
-22.56
-22.60
-22.98
-23.62
-24.35
5.03
6.73
6.39
5.85
5.69
6.50
6.79
6.54
6.70
7.20
7.19
7.03
6.85
7.42
7.21
7.62
7.59
8.09
8.51
8.17
7.89
7.75
7.77
7.70
6.99
7.17
7.62
8.03
8.53
8.81
8.74
8.94
7.98
7.53
7.61
7.16
6.68
7.25
7.70
2.46
3.96
4.33
4.47
4.93
5.18
5.62
6.01
6.60
6.26
6.44
5.98
6.22
7.02
6.83
6.93
7.71
7.62
7.15
7.53
8.24
8.04
7.20
6.99
6.98
6.87
6.73
6.75
6.65
7.03
7.13
7.23
7.50
7.51
7.52
7.56
2.57
3.77
3.65
3.45
3.76
3.82
3.85
3.89
4.09
4.10
4.40
4.51
4.34
4.36
4.24
4.17
4.49
4.82
4.80
4.87
4.98
4.93
4.88
5.15
5.16
5.20
5.00
5.46
5.52
5.57
5.60
5.42
5.40
4.82
5.22
5.39
57.07
3.91
5.34
5.24
5.46
5.67
5.70
5.80
5.98
5.79
6.06
6.41
6.45
6.14
6.21
6.32
6.40
6.71
7.05
7.39
7.44
8.07
7.80
8.13
8.02
7.73
7.63
8.33
8.38
8.91
9.09
9.23
8.96
9.21
9.76
9.51
9.55
2.98
4.21
4.46
4.57
4.72
5.09
5.06
5.09
5.41
5.87
5.52
5.79
5.45
5.50
5.62
5.68
6.30
6.35
6.25
6.49
6.67
6.72
6.40
6.53
6.55
6.69
6.84
7.01
6.83
6.88
6.61
6.76
7.19
7.37
6.93
7.13
58.39
2.91
4.26
4.36
4.53
4.79
4.24
4.29
4.29
4.25
4.46
4.31
3.97
3.85
3.85
3.84
3.85
3.74
3.84
4.29
4.40
4.46
4.65
4.68
5.06
5.21
5.28
4.87
4.86
4.96
5.21
5.82
5.18
4.78
4.69
4.67
4.53
4.71
3.04
3.70
3.70
3.39
3.66
3.83
3.98
4.19
4.43
4.55
4.64
4.74
4.73
4.72
4.80
4.91
4.92
5.07
5.24
5.17
5.22
5.49
5.55
6.12
5.87
6.03
5.99
6.23
5.98
5.78
6.06
6.05
5.92
6.27
6.45
6.70
0.29
1.56
1.61
1.58
1.70
1.66
1.62
3.60
5.27
5.51
5.52
5.55
5.74
5.98
6.41
6.39
6.45
6.69
6.93
7.12
7.23
7.22
7.35
7.55
7.77
7.90
7.82
7.88
8.04
8.34
8.59
8.56
8.62
8.81
9.02
9.31
9.43
9.31
9.57
9.76
9.97
10.15
9.99
10.10
10.37
10.72
10.94
10.86
11.09
11.20
11.39
11.75
11.60
11.66
11.96
12.12
12.33
12.46
12.38
12.55
12.75
12.99
13.17
13.11
13.25
13.46
13.71
13.90
13.80
14.04
14.29
14.50
14.71
14.64
14.38
14.69
14.90
15.01
15.28
15.23
15.27
15.50
15.64
15.84
16.10
15.89
16.01
16.39
16.63
16.85
17.11
17.33
17.59
17.86
17.71
17.80
18.08
18.26
18.40
18.56
18.59
18.75
18.96
19.15
19.33
19.31
19.46
19.65
19.78
20.07
19.96
20.11
20.38
20.57
20.74
20.76
20.83
21.01
21.26
21.41
21.50
21.57
21.73
21.88
22.21
22.37
22.17
22.40
22.60
22.74
22.92
22.95
22.90
23.12
23.39
23.73
23.78
21.56
20.52
19.02

